NETWORK NAME: LSTM_stack+out 
TEST PARAMETERS: 
 batch_size = 10000 
 base_learning_rate = 0.01000 
 weight_decay = 0.000010 
 loss_data = [ 
    19.7800    2.0359    0.0000    0.0000  ; 
    21.5500    2.0041    0.0000    0.0000  ; 
    23.1800    1.9524    31.1000    0.0000  ; 
    27.6000    1.8794    31.1000    0.0000  ; 
    33.0700    1.7817    31.1000    0.0000  ; 
    36.7900    1.6946    44.1000    0.0000  ; 
    41.2600    1.6097    44.1000    0.0000  ; 
    44.9800    1.5385    44.1000    0.0000  ; 
    46.9300    1.4835    53.4000    0.0000  ; 
    49.1100    1.4285    53.4000    0.0000  ; 
    51.7900    1.3822    53.4000    0.0000  ; 
    53.1800    1.3293    58.7000    0.0000  ; 
    54.7700    1.2893    58.7000    0.0000  ; 
    55.8500    1.2681    58.7000    0.0000  ; 
    57.0700    1.2360    60.2000    0.0000  ; 
    57.6600    1.2139    60.2000    0.0000  ; 
    58.0700    1.1930    60.2000    0.0000  ; 
    59.0100    1.1712    62.7000    0.0000  ; 
    59.8600    1.1416    62.7000    0.0000  ; 
    60.6300    1.1138    62.7000    0.0000  ; 
    61.4600    1.0891    64.6000    0.0000  ; 
    63.0200    1.0680    64.6000    0.0000  ; 
    63.3500    1.0446    64.6000    0.0000  ; 
    64.9400    1.0200    68.0000    0.0000  ; 
    64.7700    1.0062    68.0000    0.0000  ; 
    66.1200    0.9740    68.0000    0.0000  ; 
    66.0200    0.9678    71.1000    0.0000  ; 
    67.5300    0.9335    71.1000    0.0000  ; 
    67.9600    0.9096    71.1000    0.0000  ; 
    69.0800    0.8887    74.6000    0.0000  ; 
    69.9600    0.8714    74.6000    0.0000  ; 
    70.3000    0.8444    74.6000    0.0000  ; 
    71.8400    0.8283    76.5000    0.0000  ; 
    71.8500    0.8037    76.5000    0.0000  ; 
    72.3800    0.7904    76.5000    0.0000  ; 
    72.8700    0.7749    77.6000    0.0000  ; 
    74.0200    0.7528    77.6000    0.0000  ; 
    74.1700    0.7387    77.6000    0.0000  ; 
    74.7200    0.7249    78.5000    0.0000  ; 
    74.2200    0.7297    78.5000    0.0000  ; 
    75.7300    0.6980    78.5000    0.0000  ; 
    75.5000    0.6910    79.0000    0.0000  ; 
    76.0000    0.6873    79.0000    0.0000  ; 
    76.2900    0.6768    79.0000    0.0000  ; 
    76.7300    0.6712    79.8000    0.0000  ; 
    77.5600    0.6430    79.8000    0.0000  ; 
    77.8400    0.6315    79.8000    0.0000  ; 
    77.7200    0.6294    79.9000    0.0000  ; 
    78.0300    0.6211    79.9000    0.0000  ; 
    79.4800    0.6024    79.9000    0.0000  ; 
    79.1500    0.6010    80.7000    0.0000  ; 
    79.1900    0.5876    80.7000    0.0000  ; 
    79.8400    0.5807    80.7000    0.0000  ; 
    78.9500    0.5972    81.2000    0.0000  ; 
    80.1700    0.5712    81.2000    0.0000  ; 
    80.7200    0.5545    81.2000    0.0000  ; 
    80.6000    0.5546    82.8000    0.0000  ; 
    81.3900    0.5414    82.8000    0.0000  ; 
    80.7800    0.5398    82.8000    0.0000  ; 
    81.0100    0.5504    83.2000    0.0000  ; 
    81.5000    0.5298    83.2000    0.0000  ; 
    82.0700    0.5256    83.2000    0.0000  ; 
    82.4800    0.5150    83.9000    0.0000  ; 
    81.9900    0.5142    83.9000    0.0000  ; 
    82.0000    0.5130    83.9000    0.0000  ; 
    82.9400    0.5041    84.8000    0.0000  ; 
    83.4400    0.4917    84.8000    0.0000  ; 
    82.5200    0.5085    84.8000    0.0000  ; 
    82.3800    0.5126    85.6000    0.0000  ; 
    83.6700    0.4842    85.6000    0.0000  ; 
    83.6800    0.4734    85.6000    0.0000  ; 
    83.6600    0.4740    85.5000    0.0000  ; 
    83.4800    0.4676    85.5000    0.0000  ; 
    83.1500    0.4906    85.5000    0.0000  ; 
    83.4200    0.4838    83.9000    0.0000  ; 
    83.1600    0.4899    83.9000    0.0000  ; 
    83.5300    0.4727    83.9000    0.0000  ; 
    84.5000    0.4612    86.2000    0.0000  ; 
    84.5100    0.4571    86.2000    0.0000  ; 
    84.9300    0.4405    86.2000    0.0000  ; 
    85.1900    0.4433    86.4000    0.0000  ; 
    85.2700    0.4359    86.4000    0.0000  ; 
    85.1700    0.4356    86.4000    0.0000  ; 
    85.4000    0.4348    87.0000    0.0000  ; 
    85.7000    0.4272    87.0000    0.0000  ; 
    85.4200    0.4222    87.0000    0.0000  ; 
    82.4200    0.5091    85.7000    0.0000  ; 
    84.1800    0.4598    85.7000    0.0000  ; 
    84.5500    0.4420    85.7000    0.0000  ; 
    85.5900    0.4226    87.2000    0.0000  ; 
    85.8600    0.4101    87.2000    0.0000  ; 
    85.5600    0.4148    87.2000    0.0000  ; 
    85.9900    0.4133    87.5000    0.0000  ; 
    86.0600    0.4098    87.5000    0.0000  ; 
    84.8800    0.4324    87.5000    0.0000  ; 
    85.0100    0.4414    88.1000    0.0000  ; 
    86.0500    0.4183    88.1000    0.0000  ; 
    86.3400    0.4023    88.1000    0.0000  ; 
    86.0300    0.4061    87.8000    0.0000  ; 
    86.8300    0.4002    87.8000    0.0000  ; 
    87.1900    0.3892    87.8000    0.0000  ; 
    86.7900    0.3902    87.8000    0.0000  ; 
    86.9600    0.3905    87.8000    0.0000  ; 
    86.6400    0.3917    87.8000    0.0000  ; 
    87.1600    0.3876    88.3000    0.0000  ; 
    87.3500    0.3811    88.3000    0.0000  ; 
    86.9100    0.3867    88.3000    0.0000  ; 
    87.2000    0.3818    88.7000    0.0000  ; 
    87.3600    0.3801    88.7000    0.0000  ; 
    87.3900    0.3719    88.7000    0.0000  ; 
    87.0100    0.3813    88.8000    0.0000  ; 
    87.2900    0.3744    88.8000    0.0000  ; 
    87.3800    0.3750    88.8000    0.0000  ; 
    87.8700    0.3703    88.9000    0.0000  ; 
    87.7100    0.3711    88.9000    0.0000  ; 
    87.8100    0.3637    88.9000    0.0000  ; 
    87.4600    0.3660    89.0000    0.0000  ; 
    81.0300    0.5400    89.0000    0.0000  ; 
    82.8300    0.4818    89.0000    0.0000  ; 
    85.0900    0.4295    86.7000    0.0000  ; 
    85.9500    0.4167    86.7000    0.0000  ; 
    86.4700    0.3919    86.7000    0.0000  ; 
    87.0800    0.3849    87.8000    0.0000  ; 
    87.1000    0.3828    87.8000    0.0000  ; 
    87.5800    0.3714    87.8000    0.0000  ; 
    87.5300    0.3771    88.6000    0.0000  ; 
    87.2700    0.3737    88.6000    0.0000  ; 
    87.4100    0.3724    88.6000    0.0000  ; 
    88.2700    0.3626    88.4000    0.0000  ; 
    87.5400    0.3623    88.4000    0.0000  ; 
    88.2400    0.3556    88.4000    0.0000  ; 
    87.9200    0.3631    88.7000    0.0000  ; 
    86.3300    0.3979    88.7000    0.0000  ; 
    86.1000    0.4006    88.7000    0.0000  ; 
    87.5400    0.3701    88.6000    0.0000  ; 
    87.4700    0.3698    88.6000    0.0000  ; 
    87.9400    0.3636    88.6000    0.0000  ; 
    87.6900    0.3569    88.7000    0.0000  ; 
    88.3300    0.3542    88.7000    0.0000  ; 
    88.5300    0.3480    88.7000    0.0000  ; 
    88.1100    0.3515    89.0000    0.0000  ; 
    79.0200    0.5930    89.0000    0.0000  ; 
    84.8000    0.4270    89.0000    0.0000  ; 
    86.6800    0.3974    87.7000    0.0000  ; 
    87.2100    0.3707    87.7000    0.0000  ; 
    87.8600    0.3591    87.7000    0.0000  ; 
    88.2600    0.3461    88.4000    0.0000  ; 
    88.7400    0.3385    88.4000    0.0000  ; 
    88.7300    0.3371    88.4000    0.0000  ; 
    89.1300    0.3339    88.8000    0.0000  ; 
    88.7000    0.3387    88.8000    0.0000  ; 
    88.3600    0.3428    88.8000    0.0000  ; 
    88.4900    0.3376    88.8000    0.0000  ; 
    88.7200    0.3354    88.8000    0.0000  ; 
    88.8300    0.3339    88.8000    0.0000  ; 
    88.8800    0.3400    89.3000    0.0000  ; 
    89.0500    0.3332    89.3000    0.0000  ; 
    89.2200    0.3335    89.3000    0.0000  ; 
    88.7700    0.3359    89.2000    0.0000  ; 
    88.6800    0.3296    89.2000    0.0000  ; 
    89.0000    0.3201    89.2000    0.0000  ; 
    88.9600    0.3271    89.4000    0.0000  ; 
    89.3000    0.3237    89.4000    0.0000  ; 
    88.6400    0.3317    89.4000    0.0000  ; 
    88.8200    0.3298    89.3000    0.0000  ; 
    73.5700    0.7712    89.3000    0.0000  ; 
    77.3600    0.6306    89.3000    0.0000  ; 
    81.6000    0.5394    83.5000    0.0000  ; 
    83.7900    0.4630    83.5000    0.0000  ; 
    85.3100    0.4210    83.5000    0.0000  ; 
    86.9900    0.3831    87.0000    0.0000  ; 
    87.7300    0.3613    87.0000    0.0000  ; 
    88.0600    0.3498    87.0000    0.0000  ; 
    88.3000    0.3472    88.2000    0.0000  ; 
    88.5500    0.3348    88.2000    0.0000  ; 
    88.6700    0.3360    88.2000    0.0000  ; 
    88.3600    0.3401    88.4000    0.0000  ; 
    89.0300    0.3326    88.4000    0.0000  ; 
    89.1900    0.3323    88.4000    0.0000  ; 
    88.9000    0.3249    88.6000    0.0000  ; 
    89.1100    0.3286    88.6000    0.0000  ; 
    88.6500    0.3274    88.6000    0.0000  ; 
    89.0600    0.3226    88.6000    0.0000  ; 
    88.9800    0.3264    88.6000    0.0000  ; 
    89.6500    0.3159    88.6000    0.0000  ; 
    89.1300    0.3235    88.5000    0.0000  ; 
    88.8300    0.3257    88.5000    0.0000  ; 
    89.4500    0.3183    88.5000    0.0000  ; 
    89.2000    0.3202    88.9000    0.0000  ; 
    89.3300    0.3117    88.9000    0.0000  ; 
    89.3600    0.3132    88.9000    0.0000  ; 
    89.3400    0.3208    88.9000    0.0000  ; 
    89.1800    0.3131    88.9000    0.0000  ; 
    89.2400    0.3171    88.9000    0.0000  ; 
    89.4300    0.3079    89.1000    0.0000  ; 
    89.1500    0.3235    89.1000    0.0000  ; 
    89.1100    0.3179    89.1000    0.0000  ; 
    89.0600    0.3299    87.3000    0.0000  ; 
    83.9800    0.4559    87.3000    0.0000  ; 
    86.1100    0.4021    87.3000    0.0000  ; 
    87.0600    0.3664    86.9000    0.0000  ; 
    88.8300    0.3301    86.9000    0.0000  ; 
    89.6400    0.3180    86.9000    0.0000  ; 
    89.2900    0.3188    88.0000    0.0000  ; 
    89.7200    0.3116    88.0000    0.0000  ; 
    89.4300    0.3028    88.0000    0.0000  ; 
    89.4200    0.3098    89.0000    0.0000  ; 
    90.1200    0.3019    89.0000    0.0000  ; 
    89.8600    0.3039    89.0000    0.0000  ; 
    90.0500    0.2930    88.9000    0.0000  ; 
    89.5600    0.3023    88.9000    0.0000  ; 
    90.0200    0.2977    88.9000    0.0000  ; 
    90.2200    0.2944    89.1000    0.0000  ; 
    90.0500    0.2900    89.1000    0.0000  ; 
    89.9200    0.3023    89.1000    0.0000  ; 
    89.6400    0.3003    88.7000    0.0000  ; 
    89.9400    0.2955    88.7000    0.0000  ; 
    79.9300    0.5875    88.7000    0.0000  ; 
    82.7700    0.4870    83.8000    0.0000  ; 
    85.2200    0.4242    83.8000    0.0000  ; 
    85.8400    0.4009    83.8000    0.0000  ; 
    86.8300    0.3759    85.6000    0.0000  ; 
    86.8700    0.3620    85.6000    0.0000  ; 
    87.7300    0.3541    85.6000    0.0000  ; 
    87.8500    0.3498    86.8000    0.0000  ; 
    88.6600    0.3299    86.8000    0.0000  ; 
    89.0900    0.3233    86.8000    0.0000  ; 
    89.1100    0.3253    88.3000    0.0000  ; 
    88.9900    0.3152    88.3000    0.0000  ; 
    89.3300    0.3097    88.3000    0.0000  ; 
    89.9800    0.2993    88.3000    0.0000  ; 
    90.0200    0.2988    88.3000    0.0000  ; 
    90.3400    0.2917    88.3000    0.0000  ; 
    90.0200    0.2973    89.0000    0.0000  ; 
    90.3100    0.2893    89.0000    0.0000  ; 
    90.1400    0.2842    89.0000    0.0000  ; 
    90.0300    0.2898    89.3000    0.0000  ; 
    90.5200    0.2805    89.3000    0.0000  ; 
    90.0400    0.2869    89.3000    0.0000  ; 
    90.3900    0.2834    89.1000    0.0000  ; 
    90.2700    0.2849    89.1000    0.0000  ; 
    90.5400    0.2799    89.1000    0.0000  ; 
    90.4900    0.2815    89.3000    0.0000  ; 
    90.6900    0.2736    89.3000    0.0000  ; 
    90.3900    0.2849    89.3000    0.0000  ; 
    90.6500    0.2794    89.4000    0.0000  ; 
    90.3500    0.2748    89.4000    0.0000  ; 
    90.7600    0.2716    89.4000    0.0000  ; 
    90.9800    0.2668    89.2000    0.0000  ; 
    90.5800    0.2789    89.2000    0.0000  ; 
    90.7500    0.2756    89.2000    0.0000  ; 
    90.6200    0.2752    89.3000    0.0000  ; 
    90.7400    0.2796    89.3000    0.0000  ; 
    90.4700    0.2765    89.3000    0.0000  ; 
    90.5800    0.2696    89.4000    0.0000  ; 
    90.5900    0.2767    89.4000    0.0000  ; 
    90.9000    0.2663    89.4000    0.0000  ; 
    91.0300    0.2771    89.7000    0.0000  ; 
    90.9000    0.2697    89.7000    0.0000  ; 
    90.8800    0.2669    89.7000    0.0000  ; 
    91.0500    0.2630    89.6000    0.0000  ; 
    91.0800    0.2649    89.6000    0.0000  ; 
    91.0000    0.2667    89.6000    0.0000  ; 
    90.7600    0.2665    89.5000    0.0000  ; 
    90.9500    0.2651    89.5000    0.0000  ; 
    91.2200    0.2635    89.5000    0.0000  ; 
    90.8700    0.2655    89.6000    0.0000  ; 
    90.9000    0.2658    89.6000    0.0000  ; 
    90.8900    0.2639    89.6000    0.0000  ; 
    91.4100    0.2527    89.8000    0.0000  ; 
    90.7500    0.2600    89.8000    0.0000  ; 
    91.1300    0.2559    89.8000    0.0000  ; 
    90.9900    0.2622    89.4000    0.0000  ; 
    91.5000    0.2551    89.4000    0.0000  ; 
    91.2100    0.2554    89.4000    0.0000  ; 
    91.0700    0.2625    89.9000    0.0000  ; 
    91.3300    0.2546    89.9000    0.0000  ; 
    91.0900    0.2629    89.9000    0.0000  ; 
    91.2800    0.2526    89.5000    0.0000  ; 
    90.6100    0.2736    89.5000    0.0000  ; 
    87.5100    0.3501    89.5000    0.0000  ; 
    89.2800    0.3048    87.3000    0.0000  ; 
    90.3900    0.2771    87.3000    0.0000  ; 
    90.7800    0.2656    87.3000    0.0000  ; 
    91.2300    0.2583    89.3000    0.0000  ; 
    91.2300    0.2552    89.3000    0.0000  ; 
    91.6000    0.2470    89.3000    0.0000  ; 
    91.2700    0.2533    89.2000    0.0000  ; 
    91.2600    0.2508    89.2000    0.0000  ; 
    91.4400    0.2488    89.2000    0.0000  ; 
    91.5100    0.2503    89.4000    0.0000  ; 
    91.4500    0.2507    89.4000    0.0000  ; 
    91.1800    0.2574    89.4000    0.0000  ; 
    91.4100    0.2530    89.6000    0.0000  ; 
    91.6400    0.2469    89.6000    0.0000  ; 
    91.3900    0.2528    89.6000    0.0000  ; 
    91.4300    0.2480    89.4000    0.0000  ; 
    91.8500    0.2440    89.4000    0.0000  ; 
    91.5500    0.2484    89.4000    0.0000  ; 
    91.4600    0.2473    89.7000    0.0000  ; 
    91.6400    0.2506    89.7000    0.0000  ; 
    91.4500    0.2451    89.7000    0.0000  ; 
    91.5600    0.2427    89.4000    0.0000  ; 
    92.0000    0.2398    89.4000    0.0000  ; 
    91.7200    0.2381    89.4000    0.0000  ; 
    91.2200    0.2516    89.6000    0.0000  ; 
    91.6200    0.2445    89.6000    0.0000  ; 
    91.6900    0.2434    89.6000    0.0000  ; 
    91.9000    0.2372    89.5000    0.0000  ; 
    91.8600    0.2396    89.5000    0.0000  ; 
    91.7800    0.2382    89.5000    0.0000  ; 
    91.7900    0.2410    89.3000    0.0000  ; 
    91.5200    0.2469    89.3000    0.0000  ; 
    91.4300    0.2455    89.3000    0.0000  ; 
    91.7800    0.2410    89.4000    0.0000  ; 
    91.8400    0.2399    89.4000    0.0000  ; 
    91.9000    0.2391    89.4000    0.0000  ; 
    91.8900    0.2364    89.5000    0.0000  ; 
    91.8800    0.2422    89.5000    0.0000  ; 
    92.2200    0.2357    89.5000    0.0000  ; 
    91.7800    0.2377    89.8000    0.0000  ; 
    91.9400    0.2330    89.8000    0.0000  ; 
    91.7000    0.2418    89.8000    0.0000  ; 
    92.2800    0.2333    89.7000    0.0000  ; 
    91.8600    0.2345    89.7000    0.0000  ; 
    91.8600    0.2323    89.7000    0.0000  ; 
    92.0400    0.2362    90.2000    0.0000  ; 
    92.1100    0.2309    90.2000    0.0000  ; 
    91.8400    0.2358    90.2000    0.0000  ; 
    91.8100    0.2376    89.9000    0.0000  ; 
    92.4000    0.2246    89.9000    0.0000  ; 
    91.7300    0.2351    89.9000    0.0000  ; 
    92.2300    0.2277    90.1000    0.0000  ; 
    92.1600    0.2269    90.1000    0.0000  ; 
    91.9300    0.2283    90.1000    0.0000  ; 
    91.8600    0.2302    89.8000    0.0000  ; 
    92.0000    0.2285    89.8000    0.0000  ; 
    91.9300    0.2267    89.8000    0.0000  ; 
    92.2500    0.2212    90.1000    0.0000  ; 
    91.6600    0.2335    90.1000    0.0000  ; 
    91.9900    0.2231    90.1000    0.0000  ; 
    92.2200    0.2284    89.7000    0.0000  ; 
    92.5300    0.2224    89.7000    0.0000  ; 
    92.6300    0.2188    89.7000    0.0000  ; 
    91.7900    0.2290    89.7000    0.0000  ; 
    92.1800    0.2229    89.7000    0.0000  ; 
    92.2900    0.2266    89.7000    0.0000  ; 
    92.5600    0.2203    89.5000    0.0000  ; 
    92.3800    0.2208    89.5000    0.0000  ; 
    92.5400    0.2234    89.5000    0.0000  ; 
    92.2000    0.2191    89.9000    0.0000  ; 
    92.0900    0.2269    89.9000    0.0000  ; 
    92.2400    0.2253    89.9000    0.0000  ; 
    91.5700    0.2337    89.8000    0.0000  ; 
    92.3700    0.2251    89.8000    0.0000  ; 
    90.4500    0.2689    89.8000    0.0000  ; 
    92.2600    0.2270    89.3000    0.0000  ; 
    92.1300    0.2297    89.3000    0.0000  ; 
    92.0200    0.2274    89.3000    0.0000  ; 
    92.4400    0.2203    90.1000    0.0000  ; 
    92.3900    0.2189    90.1000    0.0000  ; 
    92.3100    0.2214    90.1000    0.0000  ; 
    92.3200    0.2233    90.2000    0.0000  ; 
    92.4800    0.2236    90.2000    0.0000  ; 
    92.4500    0.2166    90.2000    0.0000  ; 
    92.1600    0.2224    89.8000    0.0000  ; 
    92.4700    0.2173    89.8000    0.0000  ; 
    92.2300    0.2219    89.8000    0.0000  ; 
    92.6800    0.2155    90.1000    0.0000  ; 
    92.4000    0.2136    90.1000    0.0000  ; 
    92.7100    0.2119    90.1000    0.0000  ; 
    92.6800    0.2130    90.1000    0.0000  ; 
    92.7000    0.2148    90.1000    0.0000  ; 
    92.4500    0.2173    90.1000    0.0000  ; 
    92.7400    0.2104    89.9000    0.0000  ; 
    92.3800    0.2170    89.9000    0.0000  ; 
    91.1500    0.2499    89.9000    0.0000  ; 
    92.1400    0.2302    89.8000    0.0000  ; 
    92.7800    0.2158    89.8000    0.0000  ; 
    92.7200    0.2122    89.8000    0.0000  ; 
    92.6200    0.2165    89.9000    0.0000  ; 
    92.7800    0.2153    89.9000    0.0000  ; 
    92.4300    0.2135    89.9000    0.0000  ; 
    92.3300    0.2177    89.9000    0.0000  ; 
    92.6100    0.2102    89.9000    0.0000  ; 
    92.2900    0.2132    89.9000    0.0000  ; 
    92.6200    0.2121    89.8000    0.0000  ; 
    92.8500    0.2087    89.8000    0.0000  ; 
    92.3300    0.2155    89.8000    0.0000  ; 
    93.0700    0.2023    90.1000    0.0000  ; 
    92.4600    0.2195    90.1000    0.0000  ; 
    92.7000    0.2065    90.1000    0.0000  ; 
    92.7300    0.2122    90.1000    0.0000  ; 
    92.4200    0.2126    90.1000    0.0000  ; 
    92.8900    0.2078    90.1000    0.0000  ; 
    92.9400    0.2040    89.9000    0.0000  ; 
    92.9400    0.2025    89.9000    0.0000  ; 
    92.7000    0.2108    89.9000    0.0000  ; 
    92.8800    0.2092    89.5000    0.0000  ; 
    85.7400    0.4094    89.5000    0.0000  ; 
    87.8500    0.3476    89.5000    0.0000  ; 
    90.2400    0.2817    87.3000    0.0000  ; 
    90.9500    0.2438    87.3000    0.0000  ; 
    92.0200    0.2291    87.3000    0.0000  ; 
    92.3800    0.2218    89.6000    0.0000  ; 
    92.7500    0.2105    89.6000    0.0000  ; 
    92.6200    0.2135    89.6000    0.0000  ; 
    92.9000    0.2081    89.6000    0.0000  ; 
    92.4800    0.2127    89.6000    0.0000  ; 
    92.7700    0.2087    89.6000    0.0000  ; 
    92.9200    0.2086    89.8000    0.0000  ; 
    92.6200    0.2108    89.8000    0.0000  ; 
    92.5800    0.2073    89.8000    0.0000  ; 
    92.5800    0.2109    89.9000    0.0000  ; 
    92.7000    0.2085    89.9000    0.0000  ; 
    92.6700    0.2082    89.9000    0.0000  ; 
    92.7300    0.2062    89.5000    0.0000  ; 
    92.9500    0.2026    89.5000    0.0000  ; 
    93.1300    0.1992    89.5000    0.0000  ; 
    92.8500    0.2048    90.0000    0.0000  ; 
    92.8800    0.2032    90.0000    0.0000  ; 
    92.7800    0.2028    90.0000    0.0000  ; 
    92.7000    0.2046    90.1000    0.0000  ; 
    92.7200    0.2048    90.1000    0.0000  ; 
    92.9100    0.2041    90.1000    0.0000  ; 
    92.9900    0.2036    89.8000    0.0000  ; 
    92.7900    0.2009    89.8000    0.0000  ; 
    92.9400    0.2010    89.8000    0.0000  ; 
    92.9100    0.2013    89.7000    0.0000  ; 
    93.1400    0.1989    89.7000    0.0000  ; 
    93.0700    0.1991    89.7000    0.0000  ; 
    93.2500    0.1959    89.6000    0.0000  ; 
    93.0100    0.1988    89.6000    0.0000  ; 
    93.1300    0.1971    89.6000    0.0000  ; 
    92.9200    0.2037    89.3000    0.0000  ; 
    92.8000    0.1990    89.3000    0.0000  ; 
    93.2600    0.1990    89.3000    0.0000  ; 
    92.9300    0.2008    89.7000    0.0000  ; 
    93.7600    0.1871    89.7000    0.0000  ; 
    93.1800    0.1991    89.7000    0.0000  ; 
    93.2200    0.1983    89.7000    0.0000  ; 
    93.1600    0.1905    89.7000    0.0000  ; 
    92.9200    0.1994    89.7000    0.0000  ; 
    93.3100    0.1957    89.9000    0.0000  ; 
    93.1800    0.1959    89.9000    0.0000  ; 
    93.0800    0.1981    89.9000    0.0000  ; 
    92.8900    0.1980    89.5000    0.0000  ; 
    93.2300    0.1929    89.5000    0.0000  ; 
    93.3800    0.1905    89.5000    0.0000  ; 
    93.1400    0.1932    89.7000    0.0000  ; 
    93.0400    0.1991    89.7000    0.0000  ; 
    93.4200    0.1889    89.7000    0.0000  ; 
    92.9400    0.1952    89.3000    0.0000  ; 
    93.4000    0.1894    89.3000    0.0000  ; 
    92.7300    0.1982    89.3000    0.0000  ; 
    93.0600    0.1917    89.8000    0.0000  ; 
    93.2700    0.1880    89.8000    0.0000  ; 
    93.4400    0.1860    89.8000    0.0000  ; 
    93.4800    0.1940    89.7000    0.0000  ; 
    93.2100    0.1946    89.7000    0.0000  ; 
    93.2600    0.1904    89.7000    0.0000  ; 
    93.2900    0.1885    89.7000    0.0000  ; 
    93.3700    0.1929    89.7000    0.0000  ; 
    93.2800    0.1909    89.7000    0.0000  ; 
    93.6100    0.1868    90.0000    0.0000  ; 
    93.0900    0.1945    90.0000    0.0000  ; 
    93.2000    0.1897    90.0000    0.0000  ; 
    85.1100    0.4375    81.6000    0.0000  ; 
    89.9200    0.2788    81.6000    0.0000  ; 
    91.4100    0.2373    81.6000    0.0000  ; 
    92.2300    0.2188    88.4000    0.0000  ; 
    93.0200    0.2041    88.4000    0.0000  ; 
    92.8600    0.2014    88.4000    0.0000  ; 
    93.4200    0.1938    89.7000    0.0000  ; 
    93.2300    0.1900    89.7000    0.0000  ; 
    93.3200    0.1867    89.7000    0.0000  ; 
    93.5500    0.1854    89.9000    0.0000  ; 
    93.0400    0.1926    89.9000    0.0000  ; 
    93.4200    0.1887    89.9000    0.0000  ; 
    93.6000    0.1865    89.8000    0.0000  ; 
    93.3400    0.1844    89.8000    0.0000  ; 
    93.7500    0.1812    89.8000    0.0000  ; 
    93.3700    0.1870    89.8000    0.0000  ; 
    93.2600    0.1853    89.8000    0.0000  ; 
    93.6000    0.1828    89.8000    0.0000  ; 
    93.3800    0.1833    89.6000    0.0000  ; 
    93.1700    0.1877    89.6000    0.0000  ; 
    93.8100    0.1836    89.6000    0.0000  ; 
    93.6700    0.1801    89.9000    0.0000  ; 
    93.7700    0.1771    89.9000    0.0000  ; 
    93.6200    0.1800    89.9000    0.0000  ; 
    93.5100    0.1830    89.9000    0.0000  ; 
    93.6500    0.1807    89.9000    0.0000  ; 
    93.6300    0.1838    89.9000    0.0000  ; 
    93.5000    0.1861    89.8000    0.0000  ; 
    93.8200    0.1779    89.8000    0.0000  ; 
    93.7200    0.1837    89.8000    0.0000  ; 
    93.4600    0.1861    89.7000    0.0000  ; 
    93.2400    0.1819    89.7000    0.0000  ; 
    93.7600    0.1738    89.7000    0.0000  ; 
    93.8000    0.1810    89.6000    0.0000  ; 
    93.1700    0.1911    89.6000    0.0000  ; 
    93.7000    0.1782    89.6000    0.0000  ; 
    93.7500    0.1811    89.9000    0.0000  ; 
    93.9600    0.1774    89.9000    0.0000  ; 
    93.5100    0.1803    89.9000    0.0000  ; 
    93.7200    0.1777    89.8000    0.0000  ; 
    93.7700    0.1749    89.8000    0.0000  ; 
    93.5800    0.1830    89.8000    0.0000  ; 
    93.6600    0.1781    89.8000    0.0000  ; 
    94.0000    0.1763    89.8000    0.0000  ; 
    93.5100    0.1818    89.8000    0.0000  ; 
    93.7600    0.1792    90.1000    0.0000  ; 
    93.9600    0.1782    90.1000    0.0000  ; 
    93.8600    0.1762    90.1000    0.0000  ; 
    93.9700    0.1752    89.7000    0.0000  ; 
    93.7700    0.1754    89.7000    0.0000  ; 
    93.7700    0.1770    89.7000    0.0000  ; 
    93.9200    0.1803    90.0000    0.0000  ; 
    93.7000    0.1786    90.0000    0.0000  ; 
    93.6000    0.1805    90.0000    0.0000  ; 
    94.2500    0.1700    90.1000    0.0000  ; 
    93.8800    0.1746    90.1000    0.0000  ; 
    93.6700    0.1767    90.1000    0.0000  ; 
    94.0700    0.1689    89.7000    0.0000  ; 
    93.8600    0.1749    89.7000    0.0000  ; 
    93.9200    0.1764    89.7000    0.0000  ; 
    93.9400    0.1726    89.9000    0.0000  ; 
    93.8000    0.1751    89.9000    0.0000  ; 
    93.8700    0.1709    89.9000    0.0000  ; 
    93.5800    0.1714    89.9000    0.0000  ; 
    94.2400    0.1693    89.9000    0.0000  ; 
    94.0100    0.1738    89.9000    0.0000  ; 
    93.9200    0.1713    89.9000    0.0000  ; 
    93.6500    0.1745    89.9000    0.0000  ; 
    93.8700    0.1760    89.9000    0.0000  ; 
    93.7300    0.1714    89.7000    0.0000  ; 
    94.2800    0.1671    89.7000    0.0000  ; 
    93.8000    0.1755    89.7000    0.0000  ; 
    93.7600    0.1758    89.8000    0.0000  ; 
    93.7000    0.1743    89.8000    0.0000  ; 
    94.2000    0.1682    89.8000    0.0000  ; 
    93.8700    0.1728    90.0000    0.0000  ; 
    93.8700    0.1744    90.0000    0.0000  ; 
    93.8800    0.1698    90.0000    0.0000  ; 
    94.0000    0.1696    89.7000    0.0000  ; 
    93.7600    0.1720    89.7000    0.0000  ; 
    94.0900    0.1677    89.7000    0.0000  ; 
    93.8300    0.1716    90.0000    0.0000  ; 
    93.9600    0.1690    90.0000    0.0000  ; 
    93.7700    0.1709    90.0000    0.0000  ; 
    94.0600    0.1688    89.7000    0.0000  ; 
    93.9100    0.1700    89.7000    0.0000  ; 
    93.9200    0.1676    89.7000    0.0000  ; 
    93.8500    0.1681    89.8000    0.0000  ; 
    94.0100    0.1684    89.8000    0.0000  ; 
    93.9500    0.1672    89.8000    0.0000  ; 
    93.9200    0.1677    89.8000    0.0000  ; 
    93.8500    0.1685    89.8000    0.0000  ; 
    93.9800    0.1674    89.8000    0.0000  ; 
    94.1700    0.1663    89.9000    0.0000  ; 
    93.9900    0.1643    89.9000    0.0000  ; 
    94.2300    0.1674    89.9000    0.0000  ; 
    94.0700    0.1665    89.9000    0.0000  ; 
    94.0700    0.1688    89.9000    0.0000  ; 
    93.8400    0.1663    89.9000    0.0000  ; 
    94.3700    0.1630    89.7000    0.0000  ; 
    94.2800    0.1609    89.7000    0.0000  ; 
    94.1900    0.1684    89.7000    0.0000  ; 
    94.1400    0.1634    90.0000    0.0000  ; 
    94.2600    0.1582    90.0000    0.0000  ; 
    94.2600    0.1622    90.0000    0.0000  ; 
    94.4300    0.1580    89.8000    0.0000  ; 
    93.9800    0.1667    89.8000    0.0000  ; 
    94.1700    0.1661    89.8000    0.0000  ; 
    94.2000    0.1654    89.7000    0.0000  ; 
    94.1300    0.1619    89.7000    0.0000  ; 
    94.2500    0.1625    89.7000    0.0000  ; 
    94.0400    0.1655    89.9000    0.0000  ; 
    93.9700    0.1681    89.9000    0.0000  ; 
    93.9200    0.1633    89.9000    0.0000  ; 
    90.5300    0.2668    85.1000    0.0000  ; 
    91.1200    0.2431    85.1000    0.0000  ; 
    92.6700    0.2062    85.1000    0.0000  ; 
    93.3000    0.1875    89.0000    0.0000  ; 
    94.1100    0.1693    89.0000    0.0000  ; 
    93.7900    0.1709    89.0000    0.0000  ; 
    94.1600    0.1680    89.8000    0.0000  ; 
    94.0100    0.1663    89.8000    0.0000  ; 
    94.2100    0.1629    89.8000    0.0000  ; 
    94.5400    0.1562    90.0000    0.0000  ; 
    93.8300    0.1688    90.0000    0.0000  ; 
    94.2600    0.1590    90.0000    0.0000  ; 
    94.2600    0.1642    90.0000    0.0000  ; 
    94.1900    0.1585    90.0000    0.0000  ; 
    94.5600    0.1579    90.0000    0.0000  ; 
    94.1100    0.1652    89.9000    0.0000  ; 
    94.5400    0.1569    89.9000    0.0000  ; 
    94.4500    0.1587    89.9000    0.0000  ; 
    94.0000    0.1684    90.2000    0.0000  ; 
    93.9100    0.1612    90.2000    0.0000  ; 
    94.1800    0.1603    90.2000    0.0000  ; 
    94.2900    0.1559    89.9000    0.0000  ; 
    94.2000    0.1595    89.9000    0.0000  ; 
    94.1900    0.1620    89.9000    0.0000  ; 
    94.0700    0.1612    89.9000    0.0000  ; 
    94.1600    0.1562    89.9000    0.0000  ; 
    94.4200    0.1564    89.9000    0.0000  ; 
    94.3300    0.1566    89.7000    0.0000  ; 
    94.0900    0.1599    89.7000    0.0000  ; 
    94.4800    0.1581    89.7000    0.0000  ; 
    94.4600    0.1557    89.9000    0.0000  ; 
    94.3100    0.1615    89.9000    0.0000  ; 
    94.4100    0.1582    89.9000    0.0000  ; 
    94.3800    0.1551    89.8000    0.0000  ; 
    94.5300    0.1542    89.8000    0.0000  ; 
    94.2500    0.1573    89.8000    0.0000  ; 
    94.7200    0.1511    89.9000    0.0000  ; 
    94.5300    0.1549    89.9000    0.0000  ; 
    94.3500    0.1528    89.9000    0.0000  ; 
    94.5300    0.1508    89.9000    0.0000  ; 
    94.3700    0.1564    89.9000    0.0000  ; 
    94.5400    0.1496    89.9000    0.0000  ; 
    94.5000    0.1518    89.9000    0.0000  ; 
    94.6400    0.1529    89.9000    0.0000  ; 
    94.6800    0.1489    89.9000    0.0000  ; 
    94.6200    0.1484    90.1000    0.0000  ; 
    94.2700    0.1575    90.1000    0.0000  ; 
    94.4700    0.1557    90.1000    0.0000  ; 
    94.5800    0.1511    89.9000    0.0000  ; 
    94.2700    0.1565    89.9000    0.0000  ; 
    94.4600    0.1538    89.9000    0.0000  ; 
    94.3700    0.1588    89.6000    0.0000  ; 
    94.6400    0.1505    89.6000    0.0000  ; 
    94.2700    0.1550    89.6000    0.0000  ; 
    94.5500    0.1534    89.7000    0.0000  ; 
    94.3900    0.1532    89.7000    0.0000  ; 
    94.5400    0.1508    89.7000    0.0000  ; 
    94.4900    0.1540    90.0000    0.0000  ; 
    94.4200    0.1540    90.0000    0.0000  ; 
    94.5800    0.1509    90.0000    0.0000  ; 
    94.5700    0.1515    89.9000    0.0000  ; 
    94.7400    0.1485    89.9000    0.0000  ; 
    94.7400    0.1472    89.9000    0.0000  ; 
    94.5000    0.1539    90.0000    0.0000  ; 
    94.2100    0.1571    90.0000    0.0000  ; 
    94.8500    0.1480    90.0000    0.0000  ; 
    94.6200    0.1526    89.9000    0.0000  ; 
    94.6300    0.1552    89.9000    0.0000  ; 
    94.5700    0.1499    89.9000    0.0000  ; 
    94.6800    0.1448    90.1000    0.0000  ; 
    94.8100    0.1465    90.1000    0.0000  ; 
    94.5900    0.1464    90.1000    0.0000  ; 
    94.4200    0.1499    89.7000    0.0000  ; 
    94.8100    0.1460    89.7000    0.0000  ; 
    94.5100    0.1518    89.7000    0.0000  ; 
    94.4300    0.1473    89.9000    0.0000  ; 
    95.0100    0.1447    89.9000    0.0000  ; 
    94.4300    0.1516    89.9000    0.0000  ; 
    94.9600    0.1416    90.2000    0.0000  ; 
    94.6000    0.1448    90.2000    0.0000  ; 
    94.9600    0.1447    90.2000    0.0000  ; 
    94.3200    0.1538    89.8000    0.0000  ; 
    94.4200    0.1486    89.8000    0.0000  ; 
    94.6900    0.1529    89.8000    0.0000  ; 
    94.8100    0.1506    90.0000    0.0000  ; 
    94.6800    0.1508    90.0000    0.0000  ; 
    94.7400    0.1478    90.0000    0.0000  ; 
    94.2000    0.1586    90.0000    0.0000  ; 
    94.4000    0.1557    90.0000    0.0000  ; 
    94.6000    0.1567    90.0000    0.0000  ; 
    94.6100    0.1483    86.8000    0.0000  ; 
    91.4900    0.2493    86.8000    0.0000  ; 
    93.3700    0.1838    86.8000    0.0000  ; 
    93.8200    0.1727    89.5000    0.0000  ; 
    94.5800    0.1532    89.5000    0.0000  ; 
    94.5500    0.1465    89.5000    0.0000  ; 
    94.6500    0.1500    89.9000    0.0000  ; 
    94.7000    0.1445    89.9000    0.0000  ; 
    94.5400    0.1524    89.9000    0.0000  ; 
    94.6600    0.1451    90.2000    0.0000  ; 
    94.8100    0.1448    90.2000    0.0000  ; 
    94.5400    0.1506    90.2000    0.0000  ; 
    94.8100    0.1403    90.0000    0.0000  ; 
    94.7300    0.1471    90.0000    0.0000  ; 
    94.5000    0.1498    90.0000    0.0000  ; 
    94.5700    0.1489    90.1000    0.0000  ; 
    94.8700    0.1430    90.1000    0.0000  ; 
    94.6100    0.1457    90.1000    0.0000  ; 
    94.7800    0.1449    90.1000    0.0000  ; 
    94.6700    0.1445    90.1000    0.0000  ; 
    94.5400    0.1451    90.1000    0.0000  ; 
    95.0200    0.1417    90.3000    0.0000  ; 
    95.0700    0.1387    90.3000    0.0000  ; 
    94.7400    0.1422    90.3000    0.0000  ; 
    94.9600    0.1441    89.6000    0.0000  ; 
    95.1700    0.1400    89.6000    0.0000  ; 
    94.8000    0.1446    89.6000    0.0000  ; 
    94.5700    0.1472    90.2000    0.0000  ; 
    94.5700    0.1480    90.2000    0.0000  ; 
    95.1900    0.1365    90.2000    0.0000  ; 
    94.9400    0.1405    89.9000    0.0000  ; 
    94.8100    0.1398    89.9000    0.0000  ; 
    94.9300    0.1428    89.9000    0.0000  ; 
    94.5500    0.1469    90.0000    0.0000  ; 
    94.9900    0.1402    90.0000    0.0000  ; 
    95.1000    0.1384    90.0000    0.0000  ; 
    95.0300    0.1376    89.8000    0.0000  ; 
    94.8600    0.1392    89.8000    0.0000  ; 
    94.9200    0.1417    89.8000    0.0000  ; 
    94.9300    0.1414    90.1000    0.0000  ; 
    94.9400    0.1427    90.1000    0.0000  ; 
    94.8400    0.1420    90.1000    0.0000  ; 
    94.9300    0.1380    90.0000    0.0000  ; 
    94.7500    0.1420    90.0000    0.0000  ; 
    94.8600    0.1389    90.0000    0.0000  ; 
    94.9200    0.1400    90.0000    0.0000  ; 
    95.1100    0.1374    90.0000    0.0000  ; 
    95.2400    0.1369    90.0000    0.0000  ; 
    94.8300    0.1404    90.1000    0.0000  ; 
    94.7400    0.1403    90.1000    0.0000  ; 
    94.6300    0.1483    90.1000    0.0000  ; 
    95.1600    0.1369    89.9000    0.0000  ; 
    94.9400    0.1366    89.9000    0.0000  ; 
    94.7700    0.1438    89.9000    0.0000  ; 
    94.8000    0.1421    89.9000    0.0000  ; 
    94.8700    0.1390    89.9000    0.0000  ; 
    95.0800    0.1398    89.9000    0.0000  ; 
    94.9500    0.1418    90.1000    0.0000  ; 
    94.8800    0.1416    90.1000    0.0000  ; 
    94.9600    0.1393    90.1000    0.0000  ; 
    95.0100    0.1393    90.1000    0.0000  ; 
    94.9800    0.1362    90.1000    0.0000  ; 
    94.9700    0.1358    90.1000    0.0000  ; 
    94.9200    0.1391    90.0000    0.0000  ; 
    95.1200    0.1345    90.0000    0.0000  ; 
    95.0400    0.1384    90.0000    0.0000  ; 
    94.9400    0.1384    89.7000    0.0000  ; 
    94.9400    0.1387    89.7000    0.0000  ; 
    95.0000    0.1370    89.7000    0.0000  ; 
    95.1500    0.1368    90.2000    0.0000  ; 
    95.0300    0.1353    90.2000    0.0000  ; 
    94.9400    0.1351    90.2000    0.0000  ; 
    92.3600    0.2169    87.0000    0.0000  ; 
    93.5700    0.1749    87.0000    0.0000  ; 
    94.5400    0.1520    87.0000    0.0000  ; 
    94.6000    0.1502    89.9000    0.0000  ; 
    94.7300    0.1404    89.9000    0.0000  ; 
    95.3400    0.1327    89.9000    0.0000  ; 
    94.9800    0.1358    90.4000    0.0000  ; 
    94.9100    0.1341    90.4000    0.0000  ; 
    95.1000    0.1376    90.4000    0.0000  ; 
    94.8700    0.1396    89.8000    0.0000  ; 
    95.3200    0.1311    89.8000    0.0000  ; 
    95.2200    0.1318    89.8000    0.0000  ; 
    95.1400    0.1319    90.0000    0.0000  ; 
    95.1000    0.1328    90.0000    0.0000  ; 
    95.5700    0.1294    90.0000    0.0000  ; 
    95.1700    0.1320    90.0000    0.0000  ; 
    95.2000    0.1350    90.0000    0.0000  ; 
    95.2700    0.1334    90.0000    0.0000  ; 
    95.3600    0.1327    90.0000    0.0000  ; 
    95.0800    0.1352    90.0000    0.0000  ; 
    94.8500    0.1390    90.0000    0.0000  ; 
    95.1700    0.1327    89.9000    0.0000  ; 
    95.1200    0.1355    89.9000    0.0000  ; 
    95.2200    0.1334    89.9000    0.0000  ; 
    94.9300    0.1372    90.0000    0.0000  ; 
    95.0600    0.1366    90.0000    0.0000  ; 
    95.2100    0.1324    90.0000    0.0000  ; 
    95.3700    0.1270    89.8000    0.0000  ; 
    95.4300    0.1291    89.8000    0.0000  ; 
    95.4600    0.1272    89.8000    0.0000  ; 
    95.3900    0.1281    89.9000    0.0000  ; 
    95.1900    0.1303    89.9000    0.0000  ; 
    95.2200    0.1309    89.9000    0.0000  ; 
    95.1800    0.1280    89.9000    0.0000  ; 
    95.4700    0.1288    89.9000    0.0000  ; 
    95.3800    0.1283    89.9000    0.0000  ; 
    95.3800    0.1326    90.0000    0.0000  ; 
    95.2400    0.1321    90.0000    0.0000  ; 
    95.4000    0.1295    90.0000    0.0000  ; 
    95.2300    0.1280    89.9000    0.0000  ; 
    95.2100    0.1314    89.9000    0.0000  ; 
    95.3500    0.1282    89.9000    0.0000  ; 
    95.3500    0.1282    89.9000    0.0000  ; 
    95.0800    0.1334    89.9000    0.0000  ; 
    95.1700    0.1347    89.9000    0.0000  ; 
    95.2200    0.1369    89.9000    0.0000  ; 
    95.3200    0.1317    89.9000    0.0000  ; 
    95.4200    0.1290    89.9000    0.0000  ; 
    95.3100    0.1310    90.0000    0.0000  ; 
    95.4000    0.1276    90.0000    0.0000  ; 
    95.0800    0.1303    90.0000    0.0000  ; 
    95.1500    0.1326    89.7000    0.0000  ; 
    95.1100    0.1280    89.7000    0.0000  ; 
    95.1400    0.1289    89.7000    0.0000  ; 
    95.5100    0.1249    89.9000    0.0000  ; 
    95.1500    0.1351    89.9000    0.0000  ; 
    95.3600    0.1349    89.9000    0.0000  ; 
    95.4100    0.1276    90.0000    0.0000  ; 
    94.9100    0.1331    90.0000    0.0000  ; 
    95.1900    0.1342    90.0000    0.0000  ; 
    94.9900    0.1314    89.8000    0.0000  ; 
    95.5700    0.1220    89.8000    0.0000  ; 
    95.5000    0.1269    89.8000    0.0000  ; 
    95.4800    0.1285    89.9000    0.0000  ; 
    95.2500    0.1310    89.9000    0.0000  ; 
    95.2100    0.1278    89.9000    0.0000  ; 
    95.5000    0.1211    90.0000    0.0000  ; 
    95.3700    0.1264    90.0000    0.0000  ; 
    95.1900    0.1320    90.0000    0.0000  ; 
    95.5300    0.1242    90.1000    0.0000  ; 
    95.2600    0.1302    90.1000    0.0000  ; 
    95.3300    0.1283    90.1000    0.0000  ; 
    95.8400    0.1206    89.9000    0.0000  ; 
    95.4600    0.1234    89.9000    0.0000  ; 
    95.5300    0.1225    89.9000    0.0000  ; 
    95.3600    0.1269    89.8000    0.0000  ; 
    95.3200    0.1280    89.8000    0.0000  ; 
    95.6800    0.1208    89.8000    0.0000  ; 
    95.6300    0.1241    89.8000    0.0000  ; 
    95.4700    0.1248    89.8000    0.0000  ; 
    95.6800    0.1208    89.8000    0.0000  ; 
    95.3200    0.1276    89.9000    0.0000  ; 
    95.5000    0.1269    89.9000    0.0000  ; 
    94.7200    0.1407    89.9000    0.0000  ; 
    95.4600    0.1293    89.9000    0.0000  ; 
    95.4700    0.1225    89.9000    0.0000  ; 
    95.3800    0.1268    89.9000    0.0000  ; 
    95.5100    0.1244    89.7000    0.0000  ; 
    95.5800    0.1208    89.7000    0.0000  ; 
    95.5300    0.1220    89.7000    0.0000  ; 
    95.5800    0.1241    89.6000    0.0000  ; 
    95.4400    0.1274    89.6000    0.0000  ; 
    95.3100    0.1327    89.6000    0.0000  ; 
    95.3700    0.1316    88.9000    0.0000  ; 
    88.1800    0.3443    88.9000    0.0000  ; 
    90.8200    0.2501    88.9000    0.0000  ; 
    93.3700    0.1829    88.8000    0.0000  ; 
    94.3500    0.1586    88.8000    0.0000  ; 
    94.8300    0.1411    88.8000    0.0000  ; 
    94.9100    0.1376    90.0000    0.0000  ; 
    95.3000    0.1280    90.0000    0.0000  ; 
    95.2100    0.1302    90.0000    0.0000  ; 
    95.2400    0.1308    89.9000    0.0000  ; 
    95.2400    0.1308    89.9000    0.0000  ; 
    95.2700    0.1310    89.9000    0.0000  ; 
    95.1400    0.1290    89.7000    0.0000  ; 
    95.3200    0.1277    89.7000    0.0000  ; 
    95.7700    0.1221    89.7000    0.0000  ; 
    95.4900    0.1231    89.3000    0.0000  ; 
    95.2800    0.1306    89.3000    0.0000  ; 
    95.3200    0.1261    89.3000    0.0000  ; 
    95.1900    0.1280    89.6000    0.0000  ; 
    95.5500    0.1201    89.6000    0.0000  ; 
    95.3300    0.1230    89.6000    0.0000  ; 
    95.4000    0.1252    89.6000    0.0000  ; 
    95.4800    0.1245    89.6000    0.0000  ; 
    95.5000    0.1242    89.6000    0.0000  ; 
    95.6300    0.1256    89.5000    0.0000  ; 
    95.4900    0.1201    89.5000    0.0000  ; 
    95.7400    0.1208    89.5000    0.0000  ; 
    95.5200    0.1233    89.6000    0.0000  ; 
    95.5100    0.1269    89.6000    0.0000  ; 
    95.5300    0.1218    89.6000    0.0000  ; 
    95.5500    0.1183    89.8000    0.0000  ; 
    95.6400    0.1186    89.8000    0.0000  ; 
    95.1900    0.1285    89.8000    0.0000  ; 
    95.5100    0.1249    89.7000    0.0000  ; 
    95.8200    0.1206    89.7000    0.0000  ; 
    95.6000    0.1217    89.7000    0.0000  ; 
    95.6300    0.1197    89.4000    0.0000  ; 
    95.3300    0.1201    89.4000    0.0000  ; 
    95.5400    0.1208    89.4000    0.0000  ; 
    95.2000    0.1257    89.8000    0.0000  ; 
    95.5700    0.1209    89.8000    0.0000  ; 
    95.4500    0.1200    89.8000    0.0000  ; 
    95.7800    0.1204    89.3000    0.0000  ; 
    95.5900    0.1231    89.3000    0.0000  ; 
    95.4600    0.1243    89.3000    0.0000  ; 
    95.3100    0.1263    89.7000    0.0000  ; 
    95.8200    0.1179    89.7000    0.0000  ; 
    95.9500    0.1138    89.7000    0.0000  ; 
    95.4100    0.1272    89.5000    0.0000  ; 
    95.8800    0.1169    89.5000    0.0000  ; 
    95.6200    0.1235    89.5000    0.0000  ; 
    95.5400    0.1211    89.4000    0.0000  ; 
    95.5200    0.1226    89.4000    0.0000  ; 
    95.5100    0.1209    89.4000    0.0000  ; 
    95.6800    0.1202    89.7000    0.0000  ; 
    96.0200    0.1154    89.7000    0.0000  ; 
    95.8400    0.1148    89.7000    0.0000  ; 
    95.7400    0.1211    89.6000    0.0000  ; 
    95.7000    0.1179    89.6000    0.0000  ; 
    95.7500    0.1148    89.6000    0.0000  ; 
    95.5800    0.1173    89.7000    0.0000  ; 
    95.6100    0.1191    89.7000    0.0000  ; 
    95.6000    0.1172    89.7000    0.0000  ; 
    95.8200    0.1184    89.7000    0.0000  ; 
    95.4000    0.1239    89.7000    0.0000  ; 
    95.5700    0.1219    89.7000    0.0000  ; 
    96.0400    0.1123    89.5000    0.0000  ; 
    93.0000    0.2001    89.5000    0.0000  ; 
    93.8800    0.1720    89.5000    0.0000  ; 
    94.4800    0.1523    88.7000    0.0000  ; 
    95.2700    0.1274    88.7000    0.0000  ; 
    95.4100    0.1243    88.7000    0.0000  ; 
    95.7000    0.1190    89.3000    0.0000  ; 
    95.5700    0.1213    89.3000    0.0000  ; 
    95.4400    0.1260    89.3000    0.0000  ; 
    95.5500    0.1194    89.6000    0.0000  ; 
    95.4400    0.1258    89.6000    0.0000  ; 
    95.7300    0.1167    89.6000    0.0000  ; 
    95.5700    0.1168    89.5000    0.0000  ; 
    95.6200    0.1188    89.5000    0.0000  ; 
    95.4300    0.1232    89.5000    0.0000  ; 
    95.7500    0.1171    89.2000    0.0000  ; 
    95.6400    0.1197    89.2000    0.0000  ; 
    95.9300    0.1141    89.2000    0.0000  ; 
    95.7300    0.1186    89.7000    0.0000  ; 
    95.7600    0.1159    89.7000    0.0000  ; 
    95.6300    0.1174    89.7000    0.0000  ; 
    94.2400    0.1568    89.3000    0.0000  ; 
    95.3000    0.1313    89.3000    0.0000  ; 
    95.6000    0.1205    89.3000    0.0000  ; 
    95.7600    0.1169    89.5000    0.0000  ; 
    95.7300    0.1177    89.5000    0.0000  ; 
    95.6900    0.1186    89.5000    0.0000  ; 
    95.9600    0.1138    89.8000    0.0000  ; 
    96.0100    0.1142    89.8000    0.0000  ; 
    95.7800    0.1122    89.8000    0.0000  ; 
    95.9500    0.1121    89.3000    0.0000  ; 
    95.8600    0.1122    89.3000    0.0000  ; 
    96.0500    0.1098    89.3000    0.0000  ; 
    95.7400    0.1150    89.9000    0.0000  ; 
    95.6700    0.1151    89.9000    0.0000  ; 
    95.7900    0.1128    89.9000    0.0000  ; 
    95.7300    0.1152    89.7000    0.0000  ; 
    95.5700    0.1205    89.7000    0.0000  ; 
    95.9700    0.1123    89.7000    0.0000  ; 
    95.6500    0.1171    89.7000    0.0000  ; 
    96.0000    0.1134    89.7000    0.0000  ; 
    95.9400    0.1112    89.7000    0.0000  ; 
    95.8400    0.1146    89.8000    0.0000  ; 
    95.4900    0.1224    89.8000    0.0000  ; 
    95.7900    0.1162    89.8000    0.0000  ; 
    95.6600    0.1147    89.6000    0.0000  ; 
    95.4900    0.1142    89.6000    0.0000  ; 
    95.9800    0.1116    89.6000    0.0000  ; 
    95.9900    0.1116    89.5000    0.0000  ; 
    95.9400    0.1103    89.5000    0.0000  ; 
    95.7100    0.1138    89.5000    0.0000  ; 
    96.0000    0.1091    89.8000    0.0000  ; 
    95.9700    0.1122    89.8000    0.0000  ; 
    95.9700    0.1141    89.8000    0.0000  ; 
    95.8500    0.1103    89.7000    0.0000  ; 
    96.0000    0.1114    89.7000    0.0000  ; 
    95.8100    0.1142    89.7000    0.0000  ; 
    95.2400    0.1213    89.8000    0.0000  ; 
    95.6600    0.1142    89.8000    0.0000  ; 
    95.8300    0.1091    89.8000    0.0000  ; 
    95.6100    0.1166    89.6000    0.0000  ; 
    95.9700    0.1111    89.6000    0.0000  ; 
    95.7900    0.1119    89.6000    0.0000  ; 
    95.7200    0.1136    89.9000    0.0000  ; 
    95.9800    0.1093    89.9000    0.0000  ; 
    95.6900    0.1189    89.9000    0.0000  ; 
    95.0100    0.1348    85.4000    0.0000  ; 
    93.9900    0.1603    85.4000    0.0000  ; 
    95.2600    0.1292    85.4000    0.0000  ; 
    95.7000    0.1152    89.8000    0.0000  ; 
    95.5400    0.1162    89.8000    0.0000  ; 
    95.7300    0.1165    89.8000    0.0000  ; 
    95.9800    0.1100    89.4000    0.0000  ; 
    96.1500    0.1108    89.4000    0.0000  ; 
    96.0400    0.1132    89.4000    0.0000  ; 
    96.1600    0.1068    89.4000    0.0000  ; 
    96.0900    0.1091    89.4000    0.0000  ; 
    96.1500    0.1066    89.4000    0.0000  ; 
    96.1400    0.1077    89.5000    0.0000  ; 
    95.9900    0.1109    89.5000    0.0000  ; 
    95.7400    0.1134    89.5000    0.0000  ; 
    95.9500    0.1158    89.7000    0.0000  ; 
    95.8300    0.1065    89.7000    0.0000  ; 
    96.3300    0.1043    89.7000    0.0000  ; 
    96.2600    0.1044    89.5000    0.0000  ; 
    95.8700    0.1132    89.5000    0.0000  ; 
    96.0400    0.1084    89.5000    0.0000  ; 
    95.8500    0.1151    89.7000    0.0000  ; 
    95.8800    0.1101    89.7000    0.0000  ; 
    96.0900    0.1077    89.7000    0.0000  ; 
    96.0500    0.1053    89.8000    0.0000  ; 
    95.8000    0.1089    89.8000    0.0000  ; 
    96.0400    0.1124    89.8000    0.0000  ; 
    96.0500    0.1065    89.5000    0.0000  ; 
    95.9300    0.1076    89.5000    0.0000  ; 
    95.8300    0.1143    89.5000    0.0000  ; 
    95.8700    0.1097    89.6000    0.0000  ; 
    96.1800    0.1082    89.6000    0.0000  ; 
